0.032668 90
2.836894 94
0.036626 94
0.025240 94
0.027290 94
0.025968 94
0.021009 94
0.020915 94
0.056771 94
0.034294 94
0.050210 94
0.048909 94
27.787977 1
0.141212 1
0.162630 1
0.144835 1
12.743496 1
0.586208 1
0.226080 1
0.161532 1
0.223603 1
0.023807 1
0.881890 1
0.623965 4
0.501052 4
0.031066 4
0.032643 4
0.030604 4
0.037573 4
0.031528 4
0.028968 4
0.032231 4
0.030097 4
0.030846 4
0.033311 1
0.033993 1
0.029735 1
0.031748 1
0.032183 1
0.031106 1
0.032195 1
0.031702 1
0.030891 1
0.031277 1
0.033162 1
0.030800 1
0.032819 1
0.031194 1
0.646718 1
0.712392 1
0.381860 1
0.167941 1
0.951081 1
0.403003 1
1.064783 4
0.344219 1
0.126718 1
0.096529 1
0.226271 1
0.238519 1
1.041380 4
0.611942 1
0.106210 1
0.194125 1
0.591050 1
0.266688 1
0.759457 1
0.380474 1
1.616427 1
0.281165 1
0.444965 1
0.211985 1
0.164013 1
0.918666 1
0.417202 1
0.227961 1
0.201544 1
0.715252 1
0.191872 1
0.124777 1
10.310952 2
0.006118 36
11.110611 2
0.087963 90
24.676480 1
0.155888 1
0.241315 1
0.161902 1
1.360868 1
0.604511 1
0.338181 1
0.316605 1
1.083463 1
0.494071 1
0.158163 1
0.200800 1
0.126918 1
0.222692 1
0.740070 4
0.396865 1
0.504674 1
0.423240 1
0.276091 1
2.789911 1
0.304624 1
0.514184 1
1.007794 1
0.223521 1
0.245819 1
0.236271 1
0.252111 1
5.073941 2
0.001602 43
0.000044 471
0.000326 90
4.625004 25
0.307186 1
0.500331 1
0.032828 1
0.031522 1
0.031463 1
0.033004 1
0.032562 1
0.029906 1
0.029853 1
0.030064 1
0.033780 1
0.032037 1
0.034254 1
0.034156 1
0.031587 1
0.032328 1
0.034320 1
0.030275 1
0.037468 1
0.030530 1
0.030628 1
0.363789 3
1.119233 5
0.149939 5
0.126636 5
0.236728 5
0.796271 5
0.101352 5
0.130163 5
0.494048 5
2.370958 2
0.075655 90
11.357133 1
0.116949 1
0.161986 1
0.184573 1
3.006459 2
0.000053 6
