0.034788 90
0.872042 1
0.628279 1
0.267348 1
0.130439 1
0.269235 1
0.451389 1
0.332796 1
0.515876 2
0.005722 36
8.419845 2
0.042316 58
8.733619 1
0.083467 1
0.278472 1
0.680408 1
4.091561 1
2.592412 1
0.353052 1
0.149421 1
0.702423 1
4.600590 1
0.767097 1
0.309604 1
1.310197 1
0.142432 1
0.111439 1
4.990301 2
0.000693 1487
0.000194 58
292.239647 1
0.084241 1
0.146196 1
0.182578 1
2.116424 14
0.001180 90
7.446286 1
0.218289 1
0.155353 1
0.188764 1
0.131239 1
1.061435 1
0.200751 1
0.153609 1
0.213041 1
0.631222 1
0.591716 1
0.134385 1
0.443333 1
1.592359 1
1.577785 1
0.933183 1
0.664703 1
1.986035 1
0.200461 1
0.318959 1
0.185535 1
0.579309 1
0.503341 1
0.363947 1
0.256275 1
0.453241 1
1.166317 1
0.618978 1
0.136988 1
0.209481 1
0.147967 1
1.184001 1
1.089465 1
0.509219 1
0.423287 1
0.536508 1
0.147443 1
0.238178 1
3.079388 1
0.214753 1
0.171227 1
1.397887 1
0.681257 1
0.843120 1
0.469853 1
0.145932 1
0.241703 1
1.531398 1
0.550247 1
0.198097 1
1.002371 1
0.199601 1
0.620126 1
0.338105 1
0.241756 1
8.191017 1
0.266341 1
0.337201 3
1.059736 537
1.022104 3
1.325565 1
0.525335 1
0.093327 1
0.165500 1
1.236614 1
3.186588 160
0.052866 160
0.038838 160
0.034502 162
0.029877 160
0.029657 157
0.049577 157
0.079787 157
0.603400 157
0.080302 157
0.234031 157
0.133232 157
0.119369 157
0.117040 157
0.081312 157
0.065839 157
0.100071 157
0.187328 157
0.179488 157
0.116372 157
0.167944 157
24.861839 1
0.816256 4
0.338717 1
1.203641 1
0.479295 1
0.156279 1
0.206334 1
0.359566 1
1.839139 1
0.300407 1
0.771696 1
0.263049 1
0.251161 1
2.042411 1
15.769950 1
0.238658 1
0.175977 1
0.143905 1
0.126675 1
0.164153 1
0.121919 1
0.138739 1
0.144631 1
0.177306 1
1.334125 5
3.915211 178
0.052656 178
0.050835 178
0.295656 178
0.065290 178
0.037302 454
0.033572 460
0.031758 460
0.028041 175
0.782364 457
0.566911 175
1.548416 457
0.150104 460
0.083664 460
0.101844 460
0.367534 460
0.166941 460
0.147214 460
0.106662 460
0.093861 460
0.099733 461
0.099894 184
0.083700 178
0.932410 178
0.059192 455
0.057845 460
0.219350 460
0.088898 460
0.061045 460
0.064658 460
0.081875 460
0.068911 460
0.065211 460
0.086880 460
0.095332 175
0.086229 175
0.082350 178
0.032796 181
0.038365 190
0.033602 181
0.027164 181
0.024016 181
0.224950 181
0.068588 181
0.050178 181
0.048669 181
0.042146 181
0.076361 181
0.931144 181
0.099455 181
0.251277 181
0.070892 181
0.033004 181
0.033820 181
0.034277 181
0.032425 181
0.029875 181
0.026806 181
0.025927 196
0.053858 193
0.027726 190
0.064322 187
0.043270 184
0.032477 178
0.050362 175
0.029032 457
0.033883 460
0.034126 460
0.028998 460
0.024032 460
0.106833 460
0.217364 460
0.082430 460
0.216052 461
0.150716 184
0.100772 178
1.598535 178
4.431909 455
0.201881 460
0.113948 460
0.238131 460
0.131307 460
0.064329 460
0.068179 460
0.084480 460
0.047807 460
0.148314 460
0.184023 175
1.923697 457
1.609436 175
0.152422 457
0.056025 460
0.032320 460
0.034029 460
0.035698 460
0.034820 460
0.034013 460
0.028718 461
0.028381 184
0.087416 178
1.732197 1
0.256995 3
0.295449 5
0.325727 3
0.501090 3
0.029864 3
0.030592 3
0.030591 3
0.030770 3
0.029439 3
0.030420 3
0.031929 3
0.032967 3
0.032573 1
0.030196 1
0.029763 1
0.601296 2
0.010244 112
0.001476 90
43.602746 75
0.708949 1
0.500571 1
0.029784 1
0.031877 1
0.029927 1
0.031776 1
0.030703 1
0.030392 1
0.031683 1
0.029014 1
0.029689 1
0.815876 3
0.740620 5
3.735494 3
0.500713 3
0.029737 3
0.032174 3
0.031317 3
0.031760 3
0.030955 3
0.030491 3
0.029477 3
0.030080 3
0.030522 1
0.032587 1
0.031310 1
13.391315 4
0.500775 4
0.030730 4
0.030859 4
0.032298 4
0.035456 4
0.031280 4
0.029547 4
0.031600 4
0.033456 4
0.028727 4
0.029371 4
0.030361 4
0.031687 4
0.031256 4
0.030240 4
0.036757 4
0.031660 4
0.030907 4
0.030690 4
0.034990 4
0.026058 4
0.036493 4
0.041718 4
0.034048 4
0.045661 4
0.033141 4
0.033046 4
0.031517 4
0.030180 4
0.032782 4
0.031401 4
0.030557 4
0.032790 4
0.030788 4
0.030505 4
0.030208 4
0.029294 4
0.030694 4
0.030870 4
0.031132 4
0.030058 4
0.031097 4
0.030875 4
0.030487 4
0.030276 4
0.030882 4
0.033947 4
0.034416 4
0.031977 4
0.030160 4
0.032646 4
0.032204 4
0.033666 4
0.031158 4
0.033373 4
0.031612 4
0.031664 4
0.029712 4
0.030134 4
0.029957 4
0.031222 4
0.030137 4
0.031383 4
0.030150 4
0.031699 4
0.030443 4
0.031122 4
0.031304 4
0.030001 4
0.029630 4
0.032417 4
0.029969 4
0.031435 4
0.032267 1
0.032965 1
0.029478 1
0.036549 1
0.031583 1
0.030583 1
0.031381 1
0.030610 1
0.030298 1
0.030137 1
42.624201 1
0.585263 1
0.206694 1
2.397839 1
1.426947 1
0.366958 1
0.316802 1
0.193199 1
0.224932 1
4.749344 4
0.155771 4
0.247390 4
0.205153 4
0.419032 1
0.247353 1
0.144685 1
0.352757 1
0.906420 1
0.125825 1
0.138071 1
0.251067 1
1.730920 1
0.501026 1
0.029897 1
0.031783 1
0.031292 1
0.030570 1
0.031932 1
0.032109 1
0.030450 1
0.032461 1
0.035112 1
0.033901 1
0.033006 1
0.034338 1
0.031357 1
0.030206 1
0.033734 1
0.032378 1
0.031483 1
0.031724 1
0.315916 5
0.467521 5
0.236597 5
0.222351 5
0.140553 5
0.799018 2
0.058476 90
0.919156 18
0.505818 83
0.599223 1
0.501243 1
0.030664 1
0.036293 1
0.031427 1
0.031591 1
0.029787 1
0.033148 1
0.030430 1
0.029750 1
0.030581 1
0.032214 1
0.032514 1
0.672798 3
0.872379 3
0.377603 3
0.588107 5
1.878292 2
0.095769 90
8.081844 94
0.040575 94
0.040143 94
0.031417 94
0.027284 94
0.032431 94
0.146496 94
0.074977 94
0.159652 94
0.044331 94
0.017582 94
25.163087 1
0.179500 1
0.212248 1
0.194913 1
0.218958 1
3.772160 1
0.173101 1
0.145963 1
0.245653 1
0.998146 1
0.291919 1
0.136983 1
0.442379 1
0.688856 1
0.163545 1
0.223800 1
0.185026 1
1.406564 1
2.340088 2
0.100963 90
2.886262 18
1.570457 4
0.146223 4
0.127118 4
0.129949 4
0.142262 4
0.140040 4
0.141113 4
0.141548 4
0.287707 4
0.790514 1
0.101781 1
0.113845 1
0.384251 1
0.503871 1
0.256967 1
0.332490 1
1.034490 1
0.116665 1
0.211190 1
0.215525 1
0.751456 1
0.185255 1
0.479497 1
0.088340 1
0.179239 1
0.165645 1
0.358364 1
18.145744 4
0.500648 4
0.030781 4
0.030480 4
0.034657 4
0.030380 4
0.031169 4
0.030043 4
0.030188 4
0.031302 4
0.032854 4
0.036167 4
0.033098 4
0.032779 4
0.031890 4
0.031755 4
0.030345 4
0.031053 4
0.031990 4
0.031561 4
0.031414 4
0.033530 4
0.031042 4
0.033330 4
0.030117 4
0.030235 4
0.030168 4
0.030418 1
0.031079 1
0.031172 1
0.034751 1
0.029812 1
0.036376 1
0.034652 1
54.418333 1
0.154422 1
0.115894 1
0.951982 1
0.070340 1
0.228513 1
0.587206 1
1.523299 1
0.175754 1
1.091451 1
0.132954 1
0.182610 1
0.130416 1
0.727168 1
1.381858 2
0.001335 39
0.000441 90
5.832335 14
0.200355 1
0.501187 1
0.043350 1
0.030947 1
0.031494 1
0.030726 1
0.031165 1
0.030322 1
0.031012 1
0.031588 1
0.031350 1
0.029859 1
0.031970 1
0.028836 1
0.030095 1
0.030786 1
0.030031 1
0.509192 5
0.185711 5
0.160693 5
0.107799 5
0.176528 5
0.912795 2
0.007886 653
0.001134 90
216.037093 1
0.078158 1
1.236285 1
0.224729 1
1.922271 1
0.175466 1
0.200624 1
0.227326 1
0.135533 1
0.655971 4
0.317486 1
2.358699 1
0.105521 1
0.262443 1
0.437202 1
0.450493 1
1.970993 171
28.385018 1
0.138328 1
0.149273 1
1.325338 1
0.197506 1
0.579172 1
0.172434 1
0.109028 1
0.234432 1
0.839685 1
0.110227 1
0.137497 1
0.234860 1
0.202838 1
0.220388 1
0.143406 1
1.696189 1
0.090628 1
0.188056 1
0.140158 1
0.241458 1
0.443492 1
0.283959 1
0.114038 1
0.178302 1
0.174696 1
0.217314 1
3.961467 2
0.066891 90
12.646665 27
0.765832 4
0.500150 4
0.031482 4
0.030122 4
0.033121 4
0.035054 4
0.029212 4
0.032456 4
0.030741 4
0.029033 4
0.030814 4
0.032376 4
0.031284 4
0.031913 4
0.029825 4
0.152055 4
0.131582 4
0.316436 4
0.165058 1
0.097052 1
0.246603 1
1.455996 1
0.710597 1
0.105977 1
0.211006 1
0.166114 1
0.718039 1
4.932703 2
0.084838 90
94.223914 1
0.071270 1
0.167734 1
3.958604 4
0.500066 4
0.031502 4
0.031045 1
0.033326 1
0.030218 1
0.034050 1
0.030541 1
35.083753 1
0.085918 1
0.115623 1
12.246224 1
0.551822 1
0.873342 1
0.157632 1
0.744774 1
0.529923 1
0.074610 1
0.877661 1
0.156931 1
0.378446 1
0.215764 1
0.217423 1
2.448016 1
1.486861 4
1.339808 114
1.220487 1
0.275792 1
0.127152 1
0.416811 4
0.157529 4
0.124938 4
0.121540 1
0.322999 1
0.079542 1
0.481415 463
0.000058 112
342.377950 1
0.081846 1
0.484774 1
2.907812 4
0.159102 4
0.130730 4
0.126430 1
2.873179 1
0.121391 1
0.973392 1
0.453781 4
0.306418 92
3.486018 1
0.095813 1
0.318675 1
0.497523 1
1.577693 1
1.910731 1
0.155603 1
3.477792 98
1.340485 1
0.086531 1
0.239532 2
0.039724 4095
0.000294 1683
0.000216 96
31.224221 1
0.094940 1
0.156143 1
1.376476 4
0.157368 4
0.113893 4
0.130760 1
0.309342 1
0.114001 1
0.670538 1
2.701911 1
2.499368 4
0.500771 4
0.036379 4
0.050210 4
0.034133 1
0.032633 1
0.031350 1
0.030885 1
0.030825 1
0.031935 1
0.029969 1
0.044411 1
0.977288 1
0.195082 1
0.231389 1
0.232333 1
2.494812 1
0.394390 1
0.159573 1
0.977733 1
0.314584 1
0.149446 1
0.226432 1
0.967665 1
0.803293 1
0.180289 1
0.327733 1
0.239161 1
7.848974 2
0.038676 3116
0.000280 96
15.293897 1
0.164942 1
1.692755 4
0.150838 1
0.253712 1
0.145125 1
0.243883 1
2.061216 21
0.490759 1
0.500891 1
0.030039 1
0.030707 1
0.029964 1
0.029372 1
0.030622 1
0.030716 1
0.030657 1
0.031274 1
0.030173 1
0.030133 1
0.303046 1
0.492978 31
0.172243 31
0.128672 31
0.120264 1
0.515643 27
0.080455 27
0.175268 27
0.107527 27
0.598693 2
0.042164 74
0.001384 131
0.002634 2065
2.246859 18
0.035074 18
0.021418 18
1.179312 22
0.797075 23
667.204492 66
0.000284 96
86.982120 1
0.234796 1
1.466927 1
0.127016 1
6.145891 1
0.437513 4
0.256944 1
0.291722 1
0.191477 1
0.212041 1
0.216746 1
0.867903 1
0.241869 1
0.126123 1
9.240180 1
0.195196 1
0.162546 1
1.287891 4
0.184350 4
0.167105 4
0.582956 1
18.129320 1
0.125752 1
0.175791 1
0.160382 1
0.619707 1
0.647592 4
0.125838 1
4.592166 4
0.500570 4
0.030492 4
0.032367 4
0.032323 4
0.038414 4
0.027152 4
0.031979 4
0.032000 4
0.031674 4
0.029670 4
0.033030 4
0.030651 4
0.030773 4
0.029660 4
0.033836 4
0.031470 4
0.031191 4
0.031366 1
0.029072 1
0.030321 1
0.031410 1
0.030262 1
0.030317 1
0.030105 1
0.031442 1
0.031540 1
0.340098 1
0.058661 1
1.320276 92
0.816102 2
0.498749 19
1.077153 63
0.036516 63
0.507048 22
0.030159 5
0.034623 1
0.029968 1
0.030907 1
0.031317 1
0.036288 1
0.029656 1
0.030317 1
0.029974 1
1.046804 1
0.238195 1
0.367391 1
0.164821 1
0.156338 1
7.713276 1
0.177126 1
0.125992 1
0.220344 1
0.339100 1
0.282131 1
0.140696 1
1.864775 1
0.297451 1
0.131910 1
0.176353 1
0.120953 1
0.265248 1
44.964684 1
1.943153 1
0.154468 1
0.697469 4
0.164327 4
0.182532 4
0.987481 1
0.165236 1
0.292810 4
0.143030 4
0.411415 1
0.453315 1
0.138651 1
7.612565 1
0.400135 4
0.264252 1
0.170742 1
0.247665 1
0.624921 4
0.180435 1
0.276531 1
0.148589 1
0.445731 1
0.425898 1
1.058457 1
4.006225 1
0.205612 1
0.222098 1
0.292293 1
12.286759 4
0.167161 4
0.499436 4
0.030637 4
0.030892 4
0.031460 4
0.031183 4
0.031513 4
0.030072 4
0.033241 4
0.031387 4
0.030611 4
0.029795 4
0.149202 4
0.150850 4
0.141085 4
1.059088 1
1.992385 2
0.004980 36
3.660582 2
0.100673 90
3.278709 18
0.832727 4
0.177348 4
0.501321 4
0.031181 4
0.030047 4
0.030241 4
0.033993 4
0.030639 4
0.032304 4
0.030624 4
0.032945 4
0.240686 4
0.189853 4
0.499467 1
0.140965 1
0.217301 1
0.142458 1
0.350700 1
0.184142 1
0.340787 1
0.271331 1
0.106668 1
0.210500 1
0.118134 1
0.367248 1
1.035674 2
0.010833 26
10.038149 2
0.000040 56
4.171827 2
0.046327 54
0.000252 90
52.834111 1
0.199620 1
1.129741 1
0.166050 1
0.205936 1
0.400512 1
0.553179 1
1.519421 2
0.050948 58
0.683009 4
0.491145 19
2.624203 2
0.000939 1648
0.000256 58
14.394099 62
2.492528 62
120.137539 1
0.095839 1
0.151781 1
0.209331 1
0.663110 14
0.001229 90
98.886101 1
0.179447 1
0.195539 1
0.125731 1
0.264669 1
1.361110 1
0.184555 1
0.136697 1
1.552944 1
0.105811 1
0.991987 4
0.148159 4
0.467198 1
0.147701 1
0.347964 1
0.744372 1
0.095955 1
0.201212 1
0.106860 1
1.084592 1
16.005228 1
0.461684 1
0.491884 1
1.155742 1
0.618583 1
0.096819 1
0.212820 1
0.175960 1
0.997079 1
0.206350 1
0.066923 1
0.998197 1
0.101098 1
0.104180 1
7.964645 2
0.059381 90
35.389785 30
0.221367 30
5.028568 2
0.044477 58
0.585121 4
0.386301 19
32.862305 2
0.000735 1653
0.000181 58
32.636530 1
0.113749 1
0.186533 1
0.207377 1
0.665671 14
0.001236 90
56.046676 7
0.464336 27
0.581923 30
0.612803 14
2.395346 1
0.169902 1
0.136691 1
14.412475 2
0.059160 113
0.000928 90
16.202617 20
0.487310 20
1.377469 2
0.042036 58
0.464800 4
0.642644 19
1.144951 2
0.001159 1547
0.000265 58
25.730894 1
0.122042 1
0.133652 1
0.438701 1
0.602593 104
170.556167 7
0.618009 17
1.687209 4
0.312379 1
2.073469 2
0.021409 113
0.001501 90
55.481789 1
0.091828 1
0.267601 1
0.214769 1
0.197787 1
1.449623 1
0.354117 1
0.152230 1
1.481062 1
0.855519 1
0.232184 1
0.428656 1
0.154926 1
2.136606 1
0.579840 1
0.104763 1
0.367917 1
2.892817 1
0.174183 1
0.375462 1
0.631164 1
0.398663 1
0.373716 1
0.144187 1
0.654163 1
1.265874 1
0.432940 1
0.453066 1
0.140641 1
0.222843 1
0.229869 1
1.253168 2
0.110126 63
0.022846 15
0.005484 90
17.421579 31
1.653603 4
0.501572 4
0.029321 4
0.031758 4
0.032010 4
0.031224 4
0.033056 4
0.031486 4
0.030929 4
0.031527 4
0.029321 4
0.030371 4
0.029764 4
0.034634 4
0.030709 4
0.241434 4
0.131996 4
0.139768 4
0.136666 4
0.125838 4
0.137656 4
0.154525 4
0.167900 4
0.124229 4
0.151689 4
0.135555 4
0.914074 1
0.310914 1
0.152864 1
1.616262 1
0.131245 1
0.147372 1
0.230635 1
0.184788 1
2.280593 1
0.199842 1
0.518829 1
0.279097 1
0.204772 1
0.224473 1
0.159080 1
3.058644 1
0.812880 1
0.499578 1
0.153693 1
0.131051 1
0.245645 1
0.242949 1
7.479498 2
0.062248 90
0.000049 2
0.002456 78
0.059639 13
0.000057 2
0.002332 90
492.632588 1
0.195263 1
0.165982 1
0.176782 1
0.677624 1
0.755353 1
0.437594 1
0.250511 1
0.610397 1
0.302985 1
1.654629 1
0.133680 1
0.096033 1
1.123002 1
0.522126 1
0.486169 1
0.238917 1
0.124408 1
0.218069 1
0.252393 1
0.419731 1
0.376372 1
0.333010 1
0.305455 1
2.117131 1
0.397650 1
0.811794 1
0.140724 1
0.574451 1
0.490323 1
0.191103 1
55.622966 4
13.250205 2
0.068359 90
91.801473 1
0.104140 1
0.779730 1
0.152520 1
5.432957 1
0.207570 1
0.670520 1
0.271959 1
0.132563 1
0.529678 1
1.230372 1
0.993380 1
0.503465 4
0.151068 4
0.711182 1
0.599177 1
0.156567 1
0.640499 4
0.158014 4
0.184324 1
0.288251 1
0.221909 1
1.133234 1
0.397524 1
0.776323 1
0.706873 4
0.169979 4
0.105893 4
0.201801 1
0.135852 1
17.408438 1
0.611172 4
1.783290 1
0.846728 1
0.135173 1
0.008793 1
0.102097 1
0.060010 1
0.296582 4
0.147550 4
0.121889 4
0.129257 4
0.293271 4
7.770542 4
118.149494 209
0.000787 3
0.000056 104
0.000036 6
0.000135 6
0.000059 105
0.000033 115
0.000021 33
0.000066 175
0.000526 30
4.057378 60
0.200250 19
0.610569 6
0.000047 15
0.140545 22
0.448307 18
2.868619 223
2.071127 443
2.171298 28
2.279629 44
0.500987 44
0.031995 44
0.032618 44
0.030861 44
0.030667 44
0.029328 44
0.031239 44
0.033456 44
0.031707 44
0.035944 44
0.032761 27
0.031512 27
0.032219 27
0.030169 27
0.031091 27
0.033705 27
0.031609 27
0.031076 27
0.031810 27
0.031622 27
0.030271 27
0.036507 27
1.688803 478
1.880236 223
1.324649 152
3.321105 1
0.047309 1
2.661344 1
0.296650 1
0.351969 1
0.318579 1
0.225997 1
0.437877 4
0.595189 1
0.691163 98
1.882932 1
0.105648 1
0.207408 4095
0.000116 1685
0.000431 96
10.464265 2
49.250999 102
1.727194 102
2.355131 4
0.162900 4
0.500404 1
0.031822 1
0.030910 1
0.030827 1
0.781877 1
0.139332 1
0.140944 92
1.485117 2
0.188201 4
0.321468 9
0.613348 23
1.522265 1
0.179894 1
0.143237 1
0.121313 1
0.159339 1
0.132917 1
0.807951 15
0.131643 13
0.190485 13
0.120986 13
0.680039 13
0.917909 2
0.003055 74
0.000286 133
0.000053 1
0.000072 130
0.001117 113
0.000162 259
0.000179 175
0.002382 264
0.000017 303
0.000038 87
0.000094 317
0.000014 8
0.000061 156
0.000066 304
0.000064 197
0.000013 68
0.000009 91
0.000012 25
0.000047 43
0.000011 12
2.118268 6
0.000040 16
0.033594 6
0.000094 17
2.460636 23
0.500736 23
0.030166 23
0.031537 23
0.035327 23
0.032668 23
0.031431 23
0.030517 23
0.030419 23
0.030423 23
0.030417 23
0.030433 23
0.030724 23
0.030146 23
0.029981 23
0.032357 23
0.037673 23
0.032874 31
0.030694 23
0.031136 23
0.032208 23
0.030134 23
0.030499 23
0.031687 23
0.030041 112
0.031854 93
0.032505 127
0.031717 115
0.034529 107
0.032009 93
0.030820 71
0.027155 69
0.029892 49
0.031277 77
0.033341 371
0.035296 248
0.031194 157
0.027438 101
0.029840 198
0.035482 123
0.032049 70
0.035182 53
0.030899 68
0.031446 70
0.030996 68
0.030600 49
0.033945 121
0.029970 230
0.037411 117
0.027658 127
0.031019 171
0.031733 110
0.032637 101
0.029602 193
0.029693 130
0.032864 101
0.033819 71
0.031186 183
0.029621 77
0.031620 69
0.032771 67
0.032430 68
0.030662 49
0.030358 18
0.030670 18
0.034415 18
0.030625 18
0.035961 18
0.033993 18
0.034026 18
0.032886 18
0.033671 18
0.032168 18
0.034379 18
0.033865 18
0.032541 18
0.031112 18
0.031278 18
0.035808 18
0.032992 18
0.578382 21
0.407389 23
1.747397 61
0.131559 19
1.285458 6
0.000010 13
0.118934 6
0.000033 42
0.181053 35
3.629535 21
1.007161 40
1.889671 21
0.181631 19
0.249618 19
0.118088 19
0.176691 19
1.249620 19
0.783209 35
0.507036 21
0.176256 19
0.892388 21
0.368085 40
1.995262 21
0.278598 19
0.104701 19
0.478860 21
0.150767 21
0.096067 40
0.700899 6
0.000040 15
0.232990 19
0.271264 19
0.636159 19
0.139709 19
1.985895 35
4.269017 224
4.143802 448
2.101325 566
7.069157 21
0.500804 21
0.031227 21
0.030056 21
0.031412 21
0.032220 40
0.036266 21
0.029926 21
0.033408 21
0.030930 21
0.029046 21
0.033736 21
0.029813 40
0.036056 21
0.033427 25
0.031762 21
0.032110 21
0.028942 22
0.033015 6
0.000072 19
0.029277 6
0.000011 17
0.038231 6
0.000045 16
0.033043 6
0.000078 20
0.034291 43
0.027815 6
0.000086 16
0.032036 6
0.001284 20
0.028663 6
0.000074 35
1.920159 6
0.000161 132
0.000023 86
1.875516 18
0.000036 44
0.000617 90
3.820803 1
0.218113 1
0.194322 1
0.136142 1
0.252118 1
0.408759 1
0.711134 1
0.705208 2
0.008825 36
3.832427 2
0.046469 58
1.168983 4
0.468833 19
1.109373 22
0.808086 4
0.500312 4
0.030369 4
0.035456 4
0.030320 1
0.029743 1
0.034514 1
0.030985 1
0.031358 1
0.031322 1
0.030169 1
0.032990 1
0.030327 1
0.032505 1
0.184286 1
0.078852 1
0.192056 1
0.151089 1
0.468420 1
0.689194 1
0.253591 1
0.438593 1
0.196271 1
0.635213 1
0.846677 1
0.123057 1
0.200793 1
0.131340 1
0.780964 1
1.102372 1
0.172135 1
0.663909 1
0.146122 1
2.042448 4
0.165302 4
0.440236 1
0.510501 1
0.396317 1
0.116219 1
2.973228 2
0.003181 74
0.000540 58
0.000183 40
0.000924 113
0.000168 111
0.000055 148
0.000011 175
0.002275 457
0.000031 110
0.000018 87
0.000274 785
0.000088 245
0.000013 111
0.000032 80
5.066542 22
0.500622 10
0.000016 12
0.030390 22
0.030815 22
0.031007 22
0.029287 22
0.031881 22
0.032867 6
0.000037 17
0.032269 23
0.032856 23
0.030500 6
0.000383 17
0.034193 23
0.029596 6
0.000012 17
0.030715 23
0.032731 23
0.030231 23
0.031963 23
0.031580 23
0.032666 23
0.030711 6
0.000549 17
0.028814 23
0.032938 23
0.030468 23
0.032454 23
0.031666 23
0.031245 31
0.031530 6
0.000070 17
0.029636 23
0.030168 23
0.034737 23
0.030882 23
0.032890 23
0.034131 112
0.032669 93
0.030734 6
0.000212 16
0.000044 105
0.034145 6
0.000250 109
0.033883 6
0.000296 31
0.000038 70
0.034716 6
0.000261 87
0.040156 71
0.029624 69
0.036511 49
0.032847 77
0.031558 371
0.032780 248
0.032218 157
0.029909 101
0.035242 198
0.030635 123
0.040526 70
0.025741 53
0.036924 68
0.031835 70
0.030943 68
0.031799 49
0.031531 121
0.030535 230
0.032132 117
0.032206 127
0.032161 171
0.032023 110
0.031635 101
0.034883 193
0.031880 130
0.034253 101
0.034232 71
0.032130 183
0.033472 77
0.034736 69
0.031357 67
0.032260 68
0.031759 49
0.034097 18
0.028064 18
0.029786 18
0.031526 18
0.031305 18
0.031533 18
0.030272 18
0.030878 18
0.031770 18
0.030198 18
0.030329 18
0.030909 18
0.030608 18
0.029862 18
0.029783 18
0.030644 18
0.031762 18
0.031127 18
0.030904 18
0.883299 61
0.177659 19
0.368283 19
0.205736 48
0.190752 35
3.624267 21
0.175378 19
0.244472 19
0.113034 6
0.000044 13
0.315822 6
0.000092 13
0.904205 6
0.000041 29
0.444667 6
0.000034 15
0.463279 19
0.731907 21
0.398578 6
0.000158 13
0.199103 6
0.000147 29
0.745777 6
0.000043 15
0.226259 6
0.000125 13
0.323624 19
0.730219 6
0.000067 13
0.132059 6
0.000049 13
1.107125 6
0.000067 29
2.549905 6
0.000189 218
1.528109 6
0.000287 183
0.000041 168
0.000185 91
0.864709 6
0.000112 11
0.000424 107
0.000393 1
0.000021 55
0.000542 58
1.859515 1
0.154620 1
0.151713 1
0.222992 1
3.473038 14
0.000656 90
3.042654 1
0.131933 1
0.175236 1
0.407158 1
0.209383 8
