0.031768 90
16.418221 1
0.236731 1
0.625567 1
0.891288 1
0.211370 1
0.915994 1
0.122785 1
0.129899 1
0.215638 1
0.604623 1
0.253374 1
0.135807 1
0.236587 1
1.009191 1
0.105542 1
9.190706 1
0.429424 1
0.155936 1
1.104125 4
0.179684 4
0.398922 1
0.167842 1
0.214091 1
0.137041 1
5.612799 1
0.293128 1
0.513277 1
0.877884 1
0.277070 1
0.105014 1
1.386292 1
0.559426 1
0.282260 1
0.810468 1
0.435700 1
0.371247 1
4.318320 1
0.370428 1
0.235091 1
0.399206 1
0.197257 1
2.312636 4
0.095323 4
0.120173 4
0.121318 4
0.131255 4
0.685790 1
0.545405 1
0.188735 1
0.278684 1
0.722154 1
0.158201 1
10.444074 2
0.059132 36
8.302516 2
0.112974 90
17.827478 1
0.161069 1
0.159964 1
0.181030 1
3.622020 8
