0.032141 90
29.972757 1
0.164609 1
0.232752 1
0.210647 1
0.222306 1
1.103427 1
0.196635 1
0.606135 1
0.159523 1
0.302467 1
0.424927 1
0.449161 1
0.612556 1
0.489213 1
0.192117 1
0.180174 1
0.347846 1
0.171162 1
20.835612 2
0.005348 36
30.113478 2
0.052328 26
14.361978 58
7.744077 2
0.260414 54
0.001294 90
90.515640 1
0.235242 1
0.197402 1
0.283055 1
0.209733 1
0.257660 1
0.226007 1
0.405056 1
0.129670 1
3.066291 2
0.123024 14
5.141174 2
0.013965 2
138.328195 1
0.202332 1
0.339666 1
0.144153 1
0.768007 1
0.189182 1
0.877957 1
0.237894 1
0.276335 1
0.172297 1
0.169611 1
0.211714 1
0.140760 1
31.266522 3
0.151584 3
0.116552 3
0.127236 3
0.123587 3
0.151807 3
0.269425 3
0.953036 1
3.882474 3
54.922774 2
0.002497 77
8.813259 2
0.003694 26
13.064029 58
7.105152 64
2.040938 152
10.863320 1
0.210216 1
0.296904 1
0.157894 1
0.873054 1
0.228956 1
0.667312 79
6.331777 2
0.004947 26
10.524359 58
5.633185 88
104.824510 58
4.451249 2
0.050618 54
0.000141 2
59.814655 1
0.226826 1
0.206689 1
0.614604 3
0.160522 3
0.126800 3
0.649432 1
0.176005 1
0.191614 1
0.716859 3
0.185991 3
0.235996 3
0.477979 1
0.224090 1
0.326513 3
0.166939 3
13.384902 1
0.378088 1
2.901464 3
0.162078 3
42.745620 1
0.149493 1
0.239993 1
0.277961 1
0.917794 2
0.001121 90
1.288169 1
0.154430 1
0.236151 1
0.193527 1
1.970338 8
