0.031787 90
35.964083 1
0.211092 1
0.368314 1
0.175098 1
0.537602 1
0.502043 1
0.441962 1
0.201814 1
0.237900 1
0.263010 1
1.061334 1
0.227165 1
0.146951 1
0.905703 1
1.079498 1
0.295972 1
0.303804 1
0.236104 1
0.263429 1
0.911826 1
1.666869 2
0.005509 36
4.008728 2
0.065444 90
26.821518 1
0.213560 1
0.211644 1
0.172070 1
0.236654 1
1.722716 1
0.701023 1
0.175811 1
1.139625 1
0.453777 1
0.246396 1
0.286643 1
0.136442 1
2.515967 4
0.500586 4
0.030294 4
0.034819 4
0.028033 4
0.033394 4
0.031094 4
1.573082 1
0.192768 1
0.296410 1
0.155757 1
1.078670 1
0.448200 1
0.258869 1
16.262818 1
0.417556 1
1.213153 1
0.722899 1
0.436581 1
0.317919 1
0.248551 1
0.249869 1
1.362004 1
0.751108 1
0.401702 1
0.252147 1
0.286358 1
0.293894 1
0.316759 1
2.501005 2
0.112331 90
7.738761 1
0.152786 1
0.209279 1
0.244392 1
0.841312 1
1.238337 1
0.417648 1
0.171504 1
0.218013 1
0.266567 1
0.243433 1
0.160253 1
1.062530 1
0.536698 1
0.627455 1
0.247297 1
1.051721 1
0.202367 1
0.296247 1
0.959642 1
155.868666 2
0.056632 90
2.117777 1
0.184877 1
0.354435 1
0.511757 1
1.196156 1
0.239681 1
0.226780 1
0.245525 1
5.557902 2
0.000910 14
7.468349 2
0.051423 2
20.629324 1
0.298283 1
0.227201 1
0.316202 1
0.548929 1
1.607200 1
0.334011 1
0.635555 1
0.635807 1
0.154846 1
0.685013 1
0.484298 1
0.513746 1
0.202755 1
0.332609 1
0.195446 1
0.247490 1
0.242222 1
1.229194 1
5.785588 1
0.476161 1
0.264528 1
0.281845 1
0.257896 1
0.277502 1
3.396879 2
0.001974 78
0.057046 2
10.216572 1
0.182980 1
0.196309 1
0.190602 1
4.893330 2
0.001322 90
21.264131 1
0.197442 1
0.190219 1
0.177744 1
6.222033 1
0.476581 1
0.435903 1
0.206561 1
0.247151 1
2.777292 1
0.556125 1
0.098647 1
0.241399 1
1.015051 1
0.629167 1
0.337047 1
0.264767 1
1.094031 1
0.924945 1
0.157795 1
0.174323 1
0.248798 1
0.175316 1
2.469483 1
0.338902 1
0.433410 1
0.281254 1
2.731383 1
0.726784 4
0.461746 1
0.392098 1
0.128314 1
6.353229 1
0.502977 1
0.030372 1
0.033476 1
0.032115 1
0.031638 1
0.030353 1
0.496131 15
1.806820 3
0.147858 3
0.500624 3
0.030201 3
0.033095 3
0.031352 3
0.030269 3
0.030502 1
0.032954 1
0.030324 1
2.334471 2
0.070202 90
36.658840 1
0.195164 1
0.140564 1
0.180758 1
0.170426 1
2.087987 1
0.612356 1
0.177922 1
0.231305 1
0.259533 1
0.606686 4
0.167257 4
0.136211 4
0.404018 4
1.278333 1
0.166043 1
0.237983 1
0.608762 1
0.984233 1
0.086866 1
0.174591 1
4.600862 4
0.174072 4
0.214171 4
0.347653 1
0.122624 1
0.225546 1
1.838964 1
0.861840 1
0.727664 1
0.204815 1
0.142058 1
0.180661 1
0.183273 1
1.702022 1
12.234052 2
0.069322 90
1.906654 21
0.384821 4
0.500177 4
0.030399 4
0.033276 4
0.028520 4
0.030026 4
0.166715 4
0.157771 4
0.126796 4
0.141055 4
0.327699 4
0.162488 4
0.126738 4
0.141284 4
0.129508 4
0.127359 4
2.948443 1
0.124976 1
0.190466 1
0.216819 1
0.700281 1
0.207846 1
0.220412 1
7.505434 1
0.351189 1
0.306973 1
0.313200 1
1.622840 1
0.654976 1
0.284752 1
0.251217 1
0.280925 1
11.205476 2
0.352495 78
0.000702 105
0.013490 90
8.393886 1
0.131937 1
0.190936 1
0.192000 1
10.331403 8
